0.31 0.000
0.32 0.000
0.33 0.000
0.34 0.000
0.35 0.056
0.36 0.111
0.37 0.325
0.38 0.539
0.39 0.638
0.4 0.738
0.41 0.779
0.42 0.821
0.43 0.857
0.44 0.892
0.45 0.924
0.46 0.957
0.47 0.976
0.48 0.995
0.49 0.997
0.5 1.000
0.51 0.978
0.52 0.957
0.53 0.932
0.54 0.907
0.55 0.878
0.56 0.848
0.57 0.812
0.58 0.776
0.59 0.740
0.6 0.704
0.61 0.667
0.62 0.629
0.63 0.592
0.64 0.555
0.65 0.520
0.66 0.485
0.67 0.456
0.68 0.426
0.69 0.410
0.7 0.393
0.71 0.370
0.72 0.347
0.73 0.324
0.74 0.301
0.75 0.279
0.76 0.257
0.77 0.239
0.78 0.221
0.79 0.203
0.8 0.184
0.81 0.170
0.82 0.155
0.83 0.146
0.84 0.137
0.85 0.124
0.86 0.110
0.87 0.102
0.88 0.094
0.89 0.083
0.9 0.072
0.91 0.063
0.92 0.054
0.93 0.048
0.94 0.043
0.95 0.037
0.96 0.031
0.97 0.028
0.98 0.026
0.99 0.023
1 0.020
1.01 0.017
1.02 0.015
1.03 0.012
1.04 0.010
1.05 0.007
1.06 0.005
1.07 0.002