 310.0  0.608
 320.0  0.621
 330.0  0.636
 340.0  0.631
 350.0  0.630
 360.0  0.633
 370.0  0.693
 380.0  1.144
 390.0  1.459
 400.0  1.760
 410.0  1.533
 420.0  1.789
 430.0  1.535
 440.0  1.496
 450.0  1.575
 460.0  1.504
 470.0  1.448
 480.0  1.296
 490.0  1.205
 500.0  1.295
 510.0  1.244
 520.0  1.201
 530.0  1.161
 540.0  1.129
 550.0  1.099
 560.0  1.062
 570.0  1.023
 580.0  0.991
 590.0  0.961
 600.0  0.929
 610.0  0.902
 620.0  0.874
 630.0  0.850
 640.0  0.826
 650.0  0.750
 660.0  0.723
 670.0  0.744
 680.0  0.728
 690.0  0.709
 700.0  0.688
 710.0  0.670
 720.0  0.651
 730.0  0.633
 740.0  0.614
 750.0  0.595
 760.0  0.579
 770.0  0.562
 780.0  0.545
 790.0  0.531
 800.0  0.518
 810.0  0.505
 820.0  0.492
 830.0  0.481
 840.0  0.470
 850.0  0.458
 860.0  0.461
 870.0  0.470
 880.0  0.450
 890.0  0.443
 900.0  0.437
 910.0  0.430
 920.0  0.424
 930.0  0.417
 940.0  0.411
 950.0  0.404
 960.0  0.398
 970.0  0.392
 980.0  0.385
 990.0  0.379
1000.0  0.372
1010.0  0.366
1020.0  0.359
1030.0  0.353
1040.0  0.346
1050.0  0.340
1060.0  0.333
1070.0  0.327
